18
data source: https://next-gen.materialsproject.org/materials/mp-33009
O     2.123589000000      1.305000000000      5.493037000000
O     1.594547000000     -1.306683000000      5.341413000000
Mn    0.561289000000      0.286221000000      5.263607000000
O    -0.471968000000      1.879126000000      5.185800000000
O    -1.001010000000     -0.732557000000      5.034176000000
Mn   -2.034267000000      2.253411000000      4.210885000000
O     0.545166000000      0.178294000000      3.387595000000
O     1.594546000000      2.627697000000      3.235970000000
Mn   -1.017134000000     -0.840484000000      3.158164000000
O     3.140723000000      0.752420000000      3.080357000000
O    -1.001010000000      3.201823000000      2.928733000000
Mn    1.578423000000      1.126706000000      2.105443000000
O     0.545166000000      4.112674000000      1.282152000000
O     0.016123000000      1.500992000000      1.130528000000
Mn   -1.017134000000      3.093896000000      1.052721000000
O     1.562300000000     -0.374286000000      0.974915000000
O     2.611680000000      2.075117000000      0.823291000000
Mn    0.000000000000      0.000000000000      0.000000000000
